1000 10000000 3162 90000000 9999 966011000 31622 8180012000 100000 82529205000
1000 10000000 3162 120001000 9999 921001000 31622 6620009000 100000 73714104000
1000 10000000 3162 140000000 9999 880001000 31622 8640012000 100000 89165125000
1000 10000000 3162 110001000 9999 1090001000 31622 8241012000 100000 87896124000
1000 20000000 3162 130000000 9999 1060002000 31622 8181011000 100000 88277124000
1000 10000000 3162 140001000 9999 1060001000 31622 8381012000 100000 88868126000
1000 10000000 3162 130000000 9999 1050001000 31622 8371012000 100000 89606126000
1000 20000000 3162 120000000 9999 1110002000 31622 8311011000 100000 88360126000
1000 10000000 3162 120000000 9999 1060002000 31622 8221011000 100000 88714125000
1000 10000000 3162 130000000 9999 1100001000 31622 8201012000 100000 88297124000
1000 20000000 3162 120000000 9999 1140002000 31622 8241011000 100000 89767126000
1000 10000000 3162 120000000 9999 1090002000 31622 8332012000 100000 90506127000
1000 10000000 3162 130000000 9999 1110002000 31622 8330011000 100000 90228127000
1000 10000000 3162 120000000 9999 1030002000 31622 8260011000 100000 89383126000
1000 20000000 3162 120000000 9999 1070002000 31622 8361012000 100000 89718126000