9999 1000000 31622 2000000 100000 6000000 316227 20001000 1000000 66004000 3162277 201012000 9999999 619035000 31622776 2017116000 99999999 6200355000
9999 1000000 31622 2000000 100000 6000000 316227 19001000 1000000 73004000 3162277 241014000 9999999 648037000 31622776 1940111000 99999999 6297360000
9999 1000000 31622 2000000 100000 7000000 316227 19001000 1000000 60003000 3162277 199011000 9999999 612035000 31622776 1938110000 99999999 6242357000
9999 1001000 31622 2000000 100000 6000000 316227 20001000 1000000 61004000 3162277 205012000 9999999 621036000 31622776 1919109000 99999999 6214355000
9999 1001000 31622 2000000 100000 6000000 316227 18001000 1000000 60003000 3162277 197011000 9999999 605034000 31622776 1998114000 99999999 6317361000
9999 1000000 31622 2000000 100000 6000000 316227 20001000 1000000 60003000 3162277 195011000 9999999 614035000 31622776 1942111000 99999999 6275359000
9999 1000000 31622 2000000 100000 6001000 316227 18001000 1000000 60003000 3162277 194012000 9999999 622036000 31622776 1954111000 99999999 6259358000
9999 1000000 31622 1000000 100000 6001000 316227 19001000 1000000 61004000 3162277 191011000 9999999 618035000 31622776 1969113000 99999999 6437368000
9999 1000000 31622 2000000 100000 6000000 316227 19001000 1000000 61003000 3162277 198011000 9999999 608034000 31622776 1941112000 99999999 6187354000
9999 1000000 31622 2000000 100000 6001000 316227 20001000 1000000 60003000 3162277 195011000 9999999 610035000 31622776 2043116000 99999999 6577376000
9999 1000000 31622 2001000 100000 6000000 316227 19001000 1000000 59003000 3162277 192011000 9999999 615035000 31622776 1992114000 99999999 6255358000
9999 1000000 31622 2000000 100000 6001000 316227 19001000 1000000 62003000 3162277 196011000 9999999 613035000 31622776 2052117000 99999999 6291360000
9999 1000000 31622 2000000 100000 6000000 316227 20001000 1000000 61004000 3162277 194011000 9999999 609034000 31622776 1946111000 99999999 6347364000
9999 1000000 31622 2000000 100000 6001000 316227 19001000 1000000 66004000 3162277 202011000 9999999 630036000 31622776 1939111000 99999999 6200355000
9999 1000000 31622 3000000 100000 6001000 316227 20001000 1000000 64003000 3162277 204011000 9999999 633036000 31622776 1929110000 99999999 6418367000
9999 1000000 31622 3001000 100000 7000000 316227 18001000 1000000 63004000 3162277 201011000 9999999 703040000 31622776 1920110000 99999999 6256358000
9999 1000000 31622 2000000 100000 6000000 316227 19001000 1000000 61003000 3162277 198011000 9999999 615035000 31622776 1925110000 99999999 6122350000
9999 1000000 31622 2000000 100000 6001000 316227 19001000 1000000 62003000 3162277 197011000 9999999 617035000 31622776 1960112000 99999999 7020402000
9999 1000000 31622 2000000 100000 7000000 316227 28002000 1000000 72004000 3162277 218012000 9999999 624036000 31622776 1977113000 99999999 6260358000