100000 10000000 316227 20000000 1000000 60001000 3162277 160000000 9999999 520000000 31622776 1520003000 99999999 5242008000
100000 10000000 316227 20000000 1000000 60000000 3162277 160001000 9999999 531000000 31622776 1510003000 99999999 5165010000
100000 10000000 316227 20000000 1000000 60000000 3162277 170000000 9999999 540001000 31622776 1511002000 99999999 5313009000
100000 10000000 316227 20000000 1000000 50000000 3162277 160000000 9999999 520001000 31622776 1480002000 99999999 4890007000
100000 10000000 316227 20000000 1000000 50000000 3162277 160000000 9999999 511001000 31622776 1500002000 99999999 4890007000
100000 10000000 316227 20000000 1000000 50000000 3162277 160000000 9999999 520001000 31622776 1471002000 99999999 4880007000
100000 10000000 316227 20000000 1000000 60000000 3162277 160000000 9999999 520001000 31622776 1480002000 99999999 4881007000
100000 10000000 316227 20000000 1000000 60000000 3162277 150001000 9999999 510000000 31622776 1490002000 99999999 4970007000
100000 10000000 316227 20000000 1000000 60000000 3162277 160001000 9999999 500000000 31622776 1480002000 99999999 4871007000
100000 10000000 316227 20000000 1000000 50000000 3162277 170001000 9999999 520000000 31622776 1510003000 99999999 4892007000
100000 10000000 316227 20000000 1000000 60000000 3162277 160000000 9999999 500001000 31622776 1480002000 99999999 4870007000
100000 10000000 316227 20000000 1000000 60000000 3162277 170000000 9999999 521001000 31622776 1480002000 99999999 4930007000
100000 10000000 316227 20000000 1000000 60000000 3162277 160000000 9999999 510001000 31622776 1501002000 99999999 4880007000
100000 10000000 316227 20000000 1000000 60000000 3162277 150000000 9999999 520001000 31622776 1520002000 99999999 4851007000
100000 10000000 316227 20000000 1000000 50000000 3162277 160000000 9999999 520001000 31622776 1480002000 99999999 4880007000
100000 10000000 316227 20000000 1000000 60000000 3162277 150000000 9999999 520001000 31622776 1490002000 99999999 4882007000
100000 10000000 316227 20000000 1000000 60000000 3162277 160000000 9999999 520001000 31622776 1490002000 99999999 4881007000
100000 20000000 316227 10000000 1000000 60000000 3162277 160000000 9999999 500001000 31622776 1530002000 99999999 4881007000
100000 10000000 316227 20000000 1000000 60000000 3162277 150001000 9999999 510000000 31622776 1480002000 99999999 4891007000
100000 10000000 316227 20000000 1000000 60000000 3162277 160001000 9999999 520000000 31622776 1470002000 99999999 4901007000
100000 10000000 316227 20000000 1000000 60001000 3162277 160000000 9999999 520001000 31622776 1481002000 99999999 4880006000
100000 10000000 316227 10000000 1000000 50000000 3162277 160000000 9999999 520001000 31622776 1490002000 99999999 4851007000
100000 10000000 316227 20000000 1000000 60000000 3162277 160000000 9999999 510001000 31622776 1480002000 99999999 5170007000
100000 10000000 316227 20000000 1000000 70000000 3162277 190000000 9999999 590001000 31622776 1841003000 99999999 5160007000